1 0.625 0.4765625 0.22265625 0.4
0 0.53359375 0.48671875 0.02578125 0.03984375
1 0.40859375 0.53125 0.0625 0.1375
0 0.8453125 0.5109375 0.0578125 0.0609375
1 0.228125 0.11640625 0.034375 0.07421875
0 0.5171875 0.27578125 0.01015625 0.021875
1 0.1828125 0.4078125 0.01328125 0.040625
1 0.31484375 0.178125 0.0171875 0.03671875
0 0.3953125 0.56640625 0.02421875 0.0359375
0 0.46328125 0.1609375 0.01171875 0.01953125
0 0.44765625 0.12421875 0.01484375 0.03359375
0 0.4234375 0.16953125 0.00703125 0.01640625
0 0.31171875 0.20390625 0.0109375 0.0109375
0 0.28984375 0.14140625 0.01171875 0.01875
0 0.2703125 0.13671875 0.00703125 0.01328125
0 0.27265625 0.209375 0.00390625 0.0109375
0 0.284375 0.46953125 0.00625 0.01171875
0 0.15390625 0.46484375 0.00703125 0.01328125
0 0.18828125 0.421875 0.00703125 0.01875
0 0.528125 0.2359375 0.0078125 0.015625
1 0.28125 0.10859375 0.05234375 0.05625
1 0.28515625 0.44140625 0.02421875 0.04453125
1 0.95390625 0.5453125 0.05625 0.11015625