0 0.2046875 0.12890625 0.01171875 0.01640625
1 0.621875 0.44921875 0.2203125 0.3625
1 0.8625 0.41015625 0.0703125 0.184375
1 0.3859375 0.50234375 0.0671875 0.11015625
1 0.25703125 0.4203125 0.015625 0.034375
1 0.1546875 0.3828125 0.01640625 0.05
1 0.1953125 0.0765625 0.04453125 0.09765625
1 0.23359375 0.08203125 0.01484375 0.03828125
1 0.259375 0.07421875 0.01953125 0.05078125
1 0.28359375 0.14375 0.015625 0.0453125
1 0.41796875 0.05546875 0.01796875 0.0578125
1 0.43671875 0.10390625 0.015625 0.02265625
0 0.19453125 0.090625 0.00625 0.01171875
0 0.2359375 0.1046875 0.009375 0.01171875
0 0.25703125 0.109375 0.0109375 0.0140625
0 0.28125 0.1734375 0.0078125 0.0109375
0 0.2375 0.17734375 0.01015625 0.01328125
0 0.2609375 0.44296875 0.00859375 0.0140625
0 0.16171875 0.3953125 0.00859375 0.02109375
0 0.12578125 0.44140625 0.0125 0.021875
0 0.37109375 0.53515625 0.0171875 0.0265625
0 0.509375 0.44296875 0.02265625 0.03046875
0 0.80546875 0.465625 0.05234375 0.06171875
0 0.490625 0.2453125 0.00703125 0.01640625
0 0.5 0.203125 0.0078125 0.01171875
0 0.434375 0.12578125 0.0125 0.0203125
0 0.3953125 0.134375 0.00625 0.0109375
0 0.41640625 0.09140625 0.015625 0.01640625