1 0.33828125 0.16015625 0.215625 0.19453125
1 0.75859375 0.2546875 0.2484375 0.19765625
1 0.21484375 0.38515625 0.11484375 0.128125
0 0.45625 0.040625 0.040625 0.05390625
0 0.23671875 0.25234375 0.0421875 0.0578125
0 0.6171875 0.36875 0.04140625 0.07890625
0 0.86015625 0.37109375 0.03671875 0.034375
1 0.94296875 0.26484375 0.1140625 0.22109375
0 0.17734375 0.4546875 0.040625 0.059375
0 0.07109375 0.06015625 0.01484375 0.03203125
0 0.0359375 0.00703125 0.0234375 0.01328125
0 0.84296875 0.6625 0.03359375 0.02734375
1 0.51875 0.015625 0.11953125 0.03125