0 0.6609375 0.07890625 0.05703125 0.09453125
1 0.5046875 0.04921875 0.0515625 0.0953125
0 0.590625 0.0203125 0.0359375 0.03984375
1 0.0484375 0.08828125 0.09609375 0.1765625
0 0.11171875 0.21015625 0.02578125 0.0421875
0 0.4953125 0.11875 0.02265625 0.05703125
0 0.22109375 0.04765625 0.02265625 0.03359375
0 0.18828125 0.0453125 0.01875 0.0265625
0 0.15 0.02890625 0.0109375 0.0296875
0 0.02734375 0.22734375 0.03984375 0.0328125
1 0.165625 0.01640625 0.08515625 0.03203125
1 0.69609375 0.04296875 0.09453125 0.0859375