0 0.1140625 0.21328125 0.0375 0.0421875
0 0.025 0.22734375 0.04296875 0.02421875
0 0.0890625 0.08046875 0.04296875 0.05546875
0 0.21953125 0.05078125 0.025 0.03203125
0 0.190625 0.04765625 0.01875 0.02890625
0 0.49296875 0.12265625 0.021875 0.0515625
0 0.5890625 0.025 0.04375 0.05
0 0.65234375 0.096875 0.040625 0.0625
1 0.05625 0.178125 0.07890625 0.12265625
1 0.046875 0.0796875 0.0203125 0.03671875
1 0.5109375 0.05078125 0.05546875 0.10078125
1 0.68515625 0.03359375 0.08203125 0.0671875
0 0.1515625 0.028125 0.01640625 0.0203125
1 0.14453125 0.01484375 0.115625 0.02890625