1 0.315625 0.1734375 0.2125 0.18671875
1 0.79453125 0.21171875 0.303125 0.3234375
0 0.45234375 0.040625 0.0328125 0.053125
0 0.23671875 0.25546875 0.04140625 0.05234375
0 0.85859375 0.37109375 0.03125 0.03671875
0 0.61953125 0.3640625 0.03984375 0.078125
0 0.84609375 0.6625 0.03515625 0.0328125
1 0.20234375 0.38671875 0.096875 0.11015625
0 0.06953125 0.05546875 0.01484375 0.04140625
0 0.175 0.446875 0.03203125 0.07734375
0 0.03359375 0.00625 0.0203125 0.0125
1 0.5046875 0.028125 0.103125 0.05625