1 0.60390625 0.33515625 0.0609375 0.134375
0 0.21953125 0.28984375 0.0265625 0.0484375
1 0.16015625 0.30078125 0.10078125 0.18515625
1 0.775 0.2453125 0.07890625 0.2234375
0 0.12265625 0.225 0.02578125 0.040625
0 0.73046875 0.25078125 0.03828125 0.065625
0 0.5796875 0.3296875 0.0234375 0.0375
0 0.67265625 0.009375 0.046875 0.01796875
1 0.06171875 0.5109375 0.06171875 0.146875
1 0.88203125 0.290625 0.03984375 0.06171875
1 0.09140625 0.23203125 0.0453125 0.14296875
1 0.0546875 0.54609375 0.0375 0.06796875
1 0.08828125 0.19140625 0.03125 0.04765625
1 0.15703125 0.45703125 0.0265625 0.04765625