1 0.0984375 0.7078125 0.15078125 0.43203125
0 0.30078125 0.45859375 0.0609375 0.0984375
0 0.69296875 0.35078125 0.0765625 0.0734375
0 0.0796875 0.69140625 0.05546875 0.0859375
1 0.48984375 0.32734375 0.40625 0.47890625
1 0.8 0.45390625 0.14140625 0.2828125
0 0.125 0.0890625 0.01640625 0.04140625
0 0.0609375 0.1140625 0.009375 0.02265625
0 0.0984375 0.065625 0.015625 0.021875
1 0.115625 0.0375 0.059375 0.075
1 0.88671875 0.72265625 0.221875 0.19765625
1 0.75625 0.36171875 0.0234375 0.03671875
0 0.228125 0.20859375 0.01328125 0.0203125
0 0.23671875 0.146875 0.021875 0.03828125