1 0.16953125 0.30078125 0.12578125 0.21796875
0 0.2390625 0.2703125 0.02421875 0.040625
1 0.7203125 0.13046875 0.125 0.2609375
0 0.55625 0.24921875 0.02265625 0.0421875
0 0.15703125 0.02265625 0.0328125 0.0453125
0 0.153125 0.24296875 0.02578125 0.0390625
1 0.57109375 0.21875 0.046875 0.109375
0 0.63515625 0.03515625 0.0421875 0.0703125
0 0.6796875 0.19921875 0.03359375 0.06484375
1 0.09453125 0.0296875 0.1109375 0.059375
0 0.26953125 0.00546875 0.01640625 0.0109375
1 0.11328125 0.2453125 0.04765625 0.0625
1 0.21953125 0.021875 0.1171875 0.04375