1 0.57890625 0.5359375 0.46875 0.928125
0 0.56328125 0.8484375 0.0890625 0.17109375
1 0.91171875 0.1453125 0.08671875 0.21875
0 0.853125 0.2515625 0.02578125 0.034375
1 0.7953125 0.21171875 0.0578125 0.13125
0 0.9796875 0.39453125 0.0390625 0.07578125
0 0.3734375 0.22890625 0.02578125 0.0328125
0 0.38203125 0.05703125 0.0203125 0.0359375
0 0.82421875 0.2796875 0.01328125 0.02109375
0 0.009375 0.51875 0.01875 0.07265625
0 0.771875 0.2671875 0.01484375 0.02109375
0 0.99140625 0.68046875 0.0171875 0.0859375