1 0.240625 0.9078125 0.06171875 0.1734375
1 0.35546875 0.0828125 0.03359375 0.12421875
0 0.27265625 0.8453125 0.01015625 0.0203125
0 0.60078125 0.01953125 0.01484375 0.03046875
0 0.69921875 0.5546875 0.021875 0.03671875
0 0.721875 0.3921875 0.028125 0.04375
0 0.30234375 0.05 0.01484375 0.0203125
0 0.06171875 0.8140625 0.0171875 0.046875
1 0.10625 0.7265625 0.0390625 0.075
1 0.615625 0.0203125 0.03359375 0.03984375
1 0.0828125 0.82109375 0.05859375 0.0984375
0 0.540625 0.04296875 0.0109375 0.02109375
0 0.365625 0.0625 0.01328125 0.02265625
1 0.54296875 0.03359375 0.01640625 0.03125
0 0.12109375 0.70859375 0.01328125 0.02890625
0 0.125 0.684375 0.02265625 0.07421875