1 0.2171875 0.22734375 0.32421875 0.45234375
1 0.0734375 0.56953125 0.146875 0.31640625
1 0.58671875 0.0921875 0.08515625 0.18203125
0 0.98046875 0.575 0.03828125 0.0671875
0 0.3796875 0.45703125 0.0359375 0.08046875
0 0.171875 0.96796875 0.05390625 0.0640625
0 0.14765625 0.1328125 0.05 0.096875
1 0.953125 0.4703125 0.07734375 0.13828125
1 0.0296875 0.24453125 0.059375 0.1390625
0 0.6421875 0.20859375 0.0453125 0.08203125
1 0.51015625 0.0484375 0.02109375 0.0421875
1 0.10234375 0.82890625 0.153125 0.19921875