1 0.59375 0.42890625 0.2078125 0.38046875
1 0.16796875 0.06640625 0.040625 0.10234375
0 0.78125 0.44296875 0.04375 0.05859375
0 0.78515625 0.97578125 0.08359375 0.046875
0 0.17890625 0.1203125 0.01328125 0.01875
1 0.89765625 0.8953125 0.19609375 0.2046875
1 0.36796875 0.49453125 0.04921875 0.11171875
0 0.4890625 0.4328125 0.01875 0.034375
0 0.48515625 0.184375 0.01015625 0.01953125
1 0.240625 0.4109375 0.02265625 0.04453125
1 0.1375 0.3890625 0.01875 0.0578125
0 0.39609375 0.07734375 0.009375 0.01796875
1 0.26328125 0.13828125 0.01640625 0.046875
0 0.3578125 0.52578125 0.02265625 0.03515625
1 0.828125 0.421875 0.0390625 0.12421875
0 0.47109375 0.22890625 0.01015625 0.01875
0 0.415625 0.1125 0.01015625 0.01875
1 0.8921875 0.959375 0.20859375 0.08046875
0 0.21875 0.1703125 0.00703125 0.0125
0 0.10859375 0.440625 0.0078125 0.0140625
0 0.39765625 0.071875 0.0125 0.025
1 0.23125 0.06484375 0.03828125 0.06328125
1 0.39921875 0.0640625 0.02109375 0.078125
1 0.14296875 0.384375 0.0140625 0.04609375
0 0.24140625 0.4359375 0.009375 0.0109375