1 0.33828125 0.07265625 0.0734375 0.1453125
1 0.34921875 0.5859375 0.06171875 0.16640625
0 0.68046875 0.2921875 0.03046875 0.059375
0 0.71171875 0.54609375 0.0296875 0.0421875
1 0.2234375 0.1171875 0.08203125 0.2046875
0 0.2625 0.1140625 0.01875 0.0453125
0 0.28984375 0.4421875 0.01796875 0.03203125
1 0.7140625 0.2875 0.05703125 0.10859375
1 0.7421875 0.5953125 0.05390625 0.08828125
0 0.61328125 0.6 0.01484375 0.025
0 0.3671875 0.521875 0.01953125 0.03046875
0 0.3265625 0.0453125 0.01875 0.02109375