1 0.75703125 0.2234375 0.2546875 0.2578125
1 0.3265625 0.1671875 0.215625 0.1875
0 0.45234375 0.04140625 0.03203125 0.05234375
1 0.2171875 0.38984375 0.115625 0.09296875
0 0.17578125 0.4546875 0.03671875 0.053125
0 0.23515625 0.25703125 0.04453125 0.05234375
0 0.6171875 0.3640625 0.0421875 0.07734375
0 0.8578125 0.3703125 0.03046875 0.03203125
0 0.07109375 0.05859375 0.015625 0.03359375
1 0.94296875 0.24765625 0.11328125 0.28984375
0 0.03125 0.00625 0.01640625 0.0125
0 0.84375 0.6640625 0.034375 0.02578125
1 0.50078125 0.02265625 0.09609375 0.0453125