1 0.515625 0.28046875 0.16796875 0.271875
1 0.36328125 0.4375 0.071875 0.13359375
0 0.6796875 0.25 0.0453125 0.05859375
0 0.33515625 0.4765625 0.0328125 0.05
0 0.43046875 0.33984375 0.0328125 0.04375
1 0.01953125 0.4359375 0.03359375 0.0640625
1 0.8984375 0.6609375 0.20078125 0.2890625
0 0.034375 0.0796875 0.01328125 0.02109375
1 0.1625 0.41484375 0.0390625 0.0609375
1 0.034375 0.0484375 0.0359375 0.05546875
0 0.16015625 0.4375 0.0109375 0.0171875
0 0.33828125 0.05078125 0.0109375 0.0328125
0 0.34765625 0.11640625 0.01171875 0.025
1 0.775 0.2546875 0.14765625 0.16796875
1 0.98046875 0.4140625 0.03828125 0.10546875
0 0.8 0.6796875 0.0859375 0.10703125