1 0.509375 0.2828125 0.21171875 0.32109375
1 0.35234375 0.421875 0.09453125 0.16640625
0 0.7703125 0.6921875 0.0546875 0.09296875
0 0.415625 0.33671875 0.04140625 0.05078125
0 0.66640625 0.24453125 0.04140625 0.0640625
1 0.8921875 0.775 0.20625 0.43046875
1 0.1359375 0.4078125 0.04296875 0.0828125
0 0.309375 0.4796875 0.03046875 0.0453125
0 0.33359375 0.109375 0.01484375 0.01875
0 0.3234375 0.0453125 0.01796875 0.02734375
0 0.01640625 0.07109375 0.01328125 0.01640625
1 0.72109375 0.20546875 0.08125 0.11328125
1 0.0203125 0.04765625 0.040625 0.0453125