1 0.16640625 0.7375 0.20625 0.49765625
0 0.946875 0.51953125 0.10546875 0.11484375
1 0.6 0.503125 0.39609375 0.9921875
0 0.43046875 0.51484375 0.05546875 0.07109375
1 0.97109375 0.8390625 0.0578125 0.321875
0 0.18828125 0.69609375 0.05703125 0.08984375
0 0.321875 0.01484375 0.0125 0.0296875
0 0.09375 0.01328125 0.01171875 0.01796875
0 0.2671875 0.028125 0.0109375 0.0203125
0 0.01171875 0.0453125 0.01640625 0.02421875
0 0.1109375 0.0875 0.01328125 0.01875
1 0.1 0.05703125 0.0265625 0.05
0 0.39609375 0.1671875 0.0140625 0.03359375
0 0.05078125 0.10625 0.0140625 0.0203125
0 0.0625 0.01171875 0.01015625 0.0125
0 0.0140625 0.52578125 0.0203125 0.03203125
1 0.26875 0.0109375 0.01640625 0.02109375
0 0.41328125 0.09921875 0.02109375 0.03984375