1 0.63359375 0.21875 0.278125 0.4375
0 0.50625 0.1296875 0.0453125 0.0625
0 0.371875 0.278125 0.03515625 0.0703125
0 0.87890625 0.7828125 0.08515625 0.12109375
0 0.84375 0.10546875 0.05859375 0.0671875
1 0.41328125 0.309375 0.11484375 0.21640625
1 0.93125 0.10390625 0.1296875 0.19921875
1 0.18984375 0.1421875 0.05625 0.109375
1 0.03671875 0.14609375 0.0359375 0.109375
1 0.959375 0.865625 0.08046875 0.12890625
0 0.01328125 0.21640625 0.02578125 0.040625
0 0.18984375 0.1625 0.009375 0.01640625
0 0.04296875 0.13359375 0.009375 0.0140625