0 0.15078125 0.8125 0.06015625 0.0859375
1 0.409375 0.68984375 0.19921875 0.39609375
0 0.6359375 0.0578125 0.04296875 0.06484375
0 0.38046875 0.303125 0.0625 0.0890625
0 0.95390625 0.0890625 0.04375 0.05859375
1 0.203125 0.6625 0.04375 0.04921875
1 0.9734375 0.0296875 0.05234375 0.059375
1 0.41328125 0.12734375 0.075 0.14609375
0 0.415625 0.22890625 0.025 0.053125
0 0.3875 0.21328125 0.01953125 0.03203125
0 0.3078125 0.715625 0.03203125 0.04296875
0 0.334375 0.8953125 0.028125 0.03984375
1 0.171875 0.73359375 0.05 0.05625