1 0.88046875 0.759375 0.20234375 0.26328125
0 0.13125 0.790625 0.04453125 0.0703125
0 0.7921875 0.8015625 0.06171875 0.09375
0 0.35 0.3484375 0.034375 0.046875
0 0.8234375 0.49453125 0.05703125 0.0921875
0 0.50546875 0.9765625 0.0515625 0.046875
0 0.74921875 0.28203125 0.02265625 0.025
1 0.09453125 0.81328125 0.0390625 0.1015625
1 0.7 0.25625 0.05078125 0.12734375
1 0.77421875 0.23203125 0.046875 0.08125
1 0.7875 0.3578125 0.03828125 0.08515625
1 0.8140625 0.95859375 0.0421875 0.08203125
1 0.9390625 0.9640625 0.12109375 0.0703125
0 0.72109375 0.32109375 0.01640625 0.02890625
1 0.0359375 0.8703125 0.071875 0.16640625