1 0.03828125 0.1078125 0.0765625 0.215625
0 0.30234375 0.3625 0.02890625 0.03671875
1 0.23125 0.22578125 0.21484375 0.16484375
0 0.10078125 0.3296875 0.0453125 0.075
0 0.021875 0.23359375 0.03046875 0.0375
0 0.10703125 0.14453125 0.02578125 0.0359375
0 0.37421875 0.09375 0.02421875 0.02109375
0 0.334375 0.32265625 0.0125 0.02265625
0 0.278125 0.30546875 0.02578125 0.0328125
0 0.7859375 0.09609375 0.021875 0.025
0 0.253125 0.06015625 0.01640625 0.01015625
1 0.22421875 0.0234375 0.046875 0.04609375