1 0.45078125 0.21171875 0.08046875 0.18125
1 0.3421875 0.2046875 0.07734375 0.21484375
1 0.80859375 0.5671875 0.0765625 0.17265625
1 0.409375 0.7640625 0.0625 0.23671875
0 0.7859375 0.8375 0.028125 0.05078125
0 0.77734375 0.5296875 0.03515625 0.05078125
0 0.3703125 0.22265625 0.02109375 0.04609375
0 0.4671875 0.2125 0.01484375 0.02734375
0 0.36015625 0.5625 0.01796875 0.03046875
1 0.38125 0.034375 0.0375 0.06875
0 0.39375 0.0296875 0.0078125 0.01484375
0 0.43984375 0.16640625 0.01171875 0.021875
1 0.81796875 0.88515625 0.05859375 0.13046875
1 0.68203125 0.8875 0.02734375 0.0796875
0 0.675 0.86171875 0.015625 0.03203125
0 0.428125 0.67578125 0.01796875 0.03203125