1 0.84609375 0.77109375 0.30703125 0.4578125
0 0.4859375 0.77578125 0.0640625 0.1078125
0 0.66953125 0.65703125 0.05234375 0.08359375
1 0.52265625 0.834375 0.1453125 0.33046875
1 0.30390625 0.53046875 0.0421875 0.14140625
0 0.646875 0.12578125 0.0296875 0.040625
0 0.12578125 0.50625 0.021875 0.04609375
1 0.1625 0.44921875 0.034375 0.07890625
0 0.640625 0.2171875 0.0296875 0.05703125
0 0.33203125 0.01015625 0.0171875 0.0203125
0 0.275 0.01328125 0.0125 0.02109375
0 0.30859375 0.51953125 0.0125 0.028125
0 0.17109375 0.4328125 0.0109375 0.03828125