1 0.78828125 0.40078125 0.1703125 0.4109375
1 0.11640625 0.8015625 0.2234375 0.378125
1 0.45390625 0.49921875 0.121875 0.53671875
0 0.2578125 0.33515625 0.01875 0.06171875
1 0.37578125 0.23359375 0.0453125 0.14453125
0 0.3921875 0.3484375 0.021875 0.053125
1 0.24609375 0.24375 0.03125 0.13203125
0 0.49375 0.79375 0.0421875 0.0625
0 0.88359375 0.6171875 0.03359375 0.0515625
0 0.184375 0.26484375 0.02265625 0.09140625
1 0.1453125 0.4359375 0.07109375 0.1390625
0 0.484375 0.74921875 0.053125 0.14921875
1 0.0171875 0.43359375 0.034375 0.075
1 0.18671875 0.21484375 0.02265625 0.075