1 0.56484375 0.19453125 0.11796875 0.203125
0 0.55234375 0.29609375 0.02734375 0.05
0 0.15390625 0.39296875 0.02421875 0.03515625
0 0.5140625 0.2109375 0.0359375 0.08046875
0 0.2046875 0.25703125 0.01875 0.028125
0 0.06796875 0.40625 0.0234375 0.0265625
1 0.14453125 0.1390625 0.07890625 0.225
1 0.025 0.1609375 0.04921875 0.26328125
0 0.44453125 0.3203125 0.015625 0.034375
0 0.08671875 0.28359375 0.03046875 0.0375
0 0.12734375 0.23125 0.009375 0.01796875
1 0.453125 0.265625 0.02734375 0.1
0 0.1734375 0.25390625 0.01171875 0.01640625
1 0.09140625 0.33046875 0.12265625 0.16328125