1 0.675 0.946875 0.096875 0.10546875
0 0.41171875 0.6078125 0.0390625 0.06640625
1 0.47265625 0.49921875 0.128125 0.15390625
0 0.5453125 0.3421875 0.015625 0.02265625
1 0.51875 0.453125 0.03671875 0.053125
0 0.83359375 0.39921875 0.0140625 0.034375
1 0.74140625 0.72109375 0.128125 0.2234375
1 0.5625 0.2953125 0.02890625 0.05390625
1 0.43125 0.55546875 0.0328125 0.04375
0 0.68203125 0.85078125 0.0171875 0.01640625
1 0.83984375 0.3375 0.03828125 0.06953125
1 0.778125 0.52734375 0.0703125 0.0703125